beta: 0.03612045009495029
gamma: 0.142857
mean_k: 9.906
k2: 107.852
R0: 2.5
IC: {'S': 990, 'I': 10, 'R': 0}
